%YAML:1.0

#common parameters
#support: 1 imu 1 cam; 1 imu 2 cam: 2 cam; 
imu: 1         
num_of_cam: 2  

imu_topic: "/t265/imu"
image0_topic: "/t265/fisheye1/image_raw"
image1_topic: "/t265/fisheye2/image_raw"
output_path: "/home/lab/output/"

cam0_calib: "fisheye1.yaml"
cam1_calib: "fisheye2.yaml"
image_width: 848
image_height: 800
   

# Extrinsic parameter between IMU and Camera.
estimate_extrinsic: 1   # 0  Have an accurate extrinsic parameters. We will trust the following imu^R_cam, imu^T_cam, don't change it.
                        # 1  Have an initial guess about extrinsic parameters. We will optimize around your initial guess.

body_T_cam0: !!opencv-matrix
   rows: 4
   cols: 4
   dt: d
   data: [  -0.999925351200859, -0.0073215078353299394, 0.009782001270508767, 0.014390822674297707,
           0.00732374965593282, -0.9999731622882242, 0.0001933759719096628, 0.015920824477243953,
           0.009780322940284573, 0.00026500246506479995, 0.9999521363829759, -0.00719217857142867,
            0., 0., 0., 1. ]



body_T_cam1: !!opencv-matrix
   rows: 4
   cols: 4
   dt: d
   data: [  -0.9999651858156794, -0.008344285269218925, 7.743366105119599e-06, -0.05266058522854075,
           0.008344288854422226, -0.9999647145805065, 0.0009707921715183195, 0.016230372951185613,
           -3.574739390750763e-07, 0.0009708229870642099, 0.9999995287511889, -0.006392363957337848,
            0., 0., 0., 1. ]

#Multiple thread support
multiple_thread: 1
use_gpu: 1
use_gpu_acc_flow: 1

#feature traker paprameters
max_cnt: 350            # max feature number in feature tracking
min_dist: 30            # min distance between two features 
freq: 10                # frequence (Hz) of publish tracking result. At least 10Hz for good estimation. If set 0, the frequence will be same as raw image 
F_threshold: 1.0        # ransac threshold (pixel)
show_track: 0           # publish tracking image as topic
flow_back: 1            # perform forward and backward optical flow to improve feature tracking accuracy

#optimization parameters
max_solver_time: 0.04  # max solver itration time (ms), to guarantee real time
max_num_iterations: 8   # max solver itrations, to guarantee real time
keyframe_parallax: 10.0 # keyframe selection threshold (pixel)

#imu parameters       The more accurate parameters you provide, the better performance
acc_n: 1.846e-02          # accelerometer measurement noise standard deviation. #0.2   0.04
gyr_n: 1.710e-03         # gyroscope measurement noise standard deviation.     #0.05  0.004
acc_w: 5.075e-04         # accelerometer bias random work noise standard deviation.  #0.002
gyr_w: 1.405e-05       # gyroscope bias random work noise standard deviation.     #4.0e-5
g_norm: 9.806         # gravity magnitude

#unsynchronization parameters
estimate_td: 1                      # online estimate time offset between camera and imu
td: 0.0063                          # initial value of time offset. unit: s. readed image clock + td = real image clock (IMU clock)

#loop closure parameters
load_previous_pose_graph: 0        # load and reuse previous pose graph; load from 'pose_graph_save_path'
pose_graph_save_path: "/home/lab/output/pose_graph/" # save and load path
save_image: 0                   # save image in pose graph for visualization prupose; you can close this function by setting 0 
