%YAML:1.0
---
model_type: KANNALA_BRANDT
camera_name: camera
image_width: 848
image_height: 800
projection_parameters:
   k2: -0.00197498803026974
   k3: 0.0382664389908314
   k4: -0.0367094203829765
   k5: 0.00615003891289234
   mu: 418.447204589844
   mv: 393.928985595703
   u0: 284.151092529297
   v0: 284.208099365234
